date	min	max	median	q1	q3	stdev	count
2022-11-22T00:00:00.000Z	7	76.2	19.95	16.2	24.7	12.139	482
2022-11-23T00:00:00.000Z	5.5	37.9	13.9	10.5	20.39	6.825	275
2022-11-24T00:00:00.000Z	7.3	36.9	15.9	14.3	18.3	6.798	298
2022-11-25T00:00:00.000Z	5.3	36.3	10.8	8.9	15.55	7.263	296
2022-11-26T00:00:00.000Z	11.2	48.5	27.15	19.9	32.75	9.571	272
2022-11-28T00:00:00.000Z	4.3	40.4	12.55	9.6	15.5	5.109	350
2022-11-29T00:00:00.000Z	9.5	46.1	19.89	16	24.35	5.717	333
2022-11-30T00:00:00.000Z	22.7	117.2	38.1	33.9	59.7	22.987	431
2022-12-01T00:00:00.000Z	14.7	200.5	51.5	33.1	99.85	40.799	253
2022-12-02T00:00:00.000Z	3.9	30.2	14.9	7.25	19.95	7.173	261
2022-12-03T00:00:00.000Z	3.9	52.3	9.19	6.2	26	14.877	266
2022-12-04T00:00:00.000Z	3.6	26.5	7.9	6.65	16.7	7.175	156
2022-12-05T00:00:00.000Z	10.2	45.1	24.2	18.5	28.8	7.498	249
2022-12-06T00:00:00.000Z	9.8	65.8	31.8	24.15	42.95	12.026	273
2022-12-07T00:00:00.000Z	17.5	49	34	29.2	37.9	5.984	631
2022-12-08T00:00:00.000Z	20.7	77.9	46.6	30.2	53.5	12.955	183
2022-12-09T00:00:00.000Z	15	50	33	30.2	39.2	7.62	363
2022-12-10T00:00:00.000Z	17.7	94.1	48.4	26.9	74.34	23.841	309
2022-12-11T00:00:00.000Z	22.1	62.8	41.85	35.9	45.95	8.753	288
2022-12-12T00:00:00.000Z	17.9	65.5	35.25	27.8	46.75	11.778	332
2022-12-13T00:00:00.000Z	29.3	60.6	46.5	43.8	50.25	5.919	296
2022-12-14T00:00:00.000Z	57.9	177.5	101.7	78.3	128.4	28.781	311
2022-12-15T00:00:00.000Z	32.6	85.3	53.7	49.5	63	11.377	269
2022-12-16T00:00:00.000Z	34.9	120.6	45.6	42.3	85.4	25.837	290
2022-12-17T00:00:00.000Z	5.6	55.8	31.4	25.2	36	9.568	307
2022-12-18T00:00:00.000Z	2.2	61	7.1	3.8	12.7	6.924	525
2022-12-19T00:00:00.000Z	16.3	33.5	22.1	19.6	25.6	4.018	143
2022-12-28T00:00:00.000Z	31.8	65	36.65	34.79	41.7	6.304	270
2022-12-29T00:00:00.000Z	27.8	106.4	52.6	38.6	67.3	18.945	655
2022-12-30T00:00:00.000Z	24.3	104.1	48	36.15	70.9	20.349	657
2022-12-31T00:00:00.000Z	27.6	100.2	39.9	34.2	45.3	15.067	654
2023-01-01T00:00:00.000Z	10.5	48.9	28.3	22	35.9	9.318	657
2023-01-02T00:00:00.000Z	28.1	153.6	49.6	42.2	60.3	20.615	648
2023-01-03T00:00:00.000Z	1.7	54	13.4	9.4	29.8	14.286	654
2023-01-04T00:00:00.000Z	2.4	35.2	11.2	8.6	14.5	6.763	660
2023-01-05T00:00:00.000Z	8.1	34.7	13.8	12.1	17.6	5.706	631
2023-01-06T00:00:00.000Z	5.3	36.9	12.15	10	15.85	6.721	640
2023-01-07T00:00:00.000Z	10.6	36.4	18.55	16.2	21.3	4.267	644
2023-01-08T00:00:00.000Z	20.6	93.7	44	37.2	58.2	14.52	666
2023-01-09T00:00:00.000Z	7.3	119.4	16	11.5	31.8	25.211	655
2023-01-10T00:00:00.000Z	4.5	32.9	10.5	9.3	15	5.507	644
2023-01-11T00:00:00.000Z	6.5	47.1	12.7	10.7	16.1	3.884	639
2023-01-12T00:00:00.000Z	7.1	34	14.6	11.8	17.55	5.848	616
2023-01-13T00:00:00.000Z	18.6	91.9	31.15	27.8	33.79	5.897	634
2023-01-14T00:00:00.000Z	35.8	108.4	47.4	45.15	51.65	7.486	640
2023-01-15T00:00:00.000Z	37	75.4	46.9	44.5	50.1	4.733	651
2023-01-16T00:00:00.000Z	23.1	86.7	40.4	33.1	44	13.902	562
2023-01-17T00:00:00.000Z	21.4	145.9	40.9	30.35	50.95	20.762	653
2023-01-18T00:00:00.000Z	10.3	73.1	40.5	17	48.6	16.792	648
2023-01-19T00:00:00.000Z	23.9	103.5	36.2	31.6	42.2	10.948	656
2023-01-20T00:00:00.000Z	12.5	82.2	41.9	37.6	45.35	10.949	649
2023-01-21T00:00:00.000Z	18.3	326	44.25	36.79	64.55	36.943	640
2023-01-22T00:00:00.000Z	9.5	94.8	30.2	22.2	43.35	17.461	685
2023-01-23T00:00:00.000Z	5.9	96.7	19.8	12.6	35.5	15.285	666
2023-01-24T00:00:00.000Z	3.9	23	11.8	9	14.15	3.564	656
2023-01-25T00:00:00.000Z	7.1	30.5	15.6	11	18.6	4.847	651
2023-01-26T00:00:00.000Z	13.9	66.6	30.9	26.8	36.79	8.131	666
2023-01-27T00:00:00.000Z	1.2	70.9	25.95	4.2	46.3	20.748	656
2023-01-28T00:00:00.000Z	4.2	29.4	13	9.75	15.85	4.698	629
2023-01-29T00:00:00.000Z	11.2	94.6	29.1	18.85	35.7	9.637	649
2023-01-30T00:00:00.000Z	30.9	117.6	43.2	38.2	51.6	12.873	639
2023-01-31T00:00:00.000Z	29.2	116	42.7	36.2	53.45	19.695	633
2023-02-01T00:00:00.000Z	14	123.4	64.5	32.2	71.5	21.962	631
2023-02-02T00:00:00.000Z	11.3	85.6	18.3	14	37.7	21.042	646
2023-02-03T00:00:00.000Z	5.8	46.7	16.2	13.7	19.1	6.651	624
2023-02-04T00:00:00.000Z	5.5	40.5	11.3	8.8	25.05	9.804	640
2023-02-05T00:00:00.000Z	9.7	156.6	24.8	17.3	35.6	16.053	637
2023-02-06T00:00:00.000Z	6.8	37.8	16.7	12	22	7.126	655
2023-02-07T00:00:00.000Z	11.6	42.2	21.7	19.64	24.3	3.93	625
2023-02-08T00:00:00.000Z	11.5	53.6	20.9	16.8	33.7	10.78	603
2023-02-09T00:00:00.000Z	10.2	28.7	19.25	13.9	23.5	5.024	466
2023-02-10T00:00:00.000Z	11.6	36.2	24.2	18.3	28.1	5.836	610
2023-02-11T00:00:00.000Z	14	66.2	25.5	18.75	32.7	9.365	536
2023-02-12T00:00:00.000Z	13.6	46.5	25.45	22.8	31.7	6.951	562
2023-02-13T00:00:00.000Z	15.2	47.5	27.1	22.1	31.9	6.289	502
2023-02-14T00:00:00.000Z	17.2	43.8	28.2	25.3	35.8	6.127	632
2023-02-15T00:00:00.000Z	14.2	69.5	32.65	28.5	37.5	9.88	626
2023-02-16T00:00:00.000Z	27.9	96	36.9	33.5	46	13.754	647
2023-02-17T00:00:00.000Z	11.1	52.9	38.29	23	42.2	10.697	582
2023-02-18T00:00:00.000Z	12.5	124.7	49.9	25	78.7	32.036	559
2023-02-19T00:00:00.000Z	13.4	80.1	37.6	25.55	49.3	15.137	381
2023-02-25T00:00:00.000Z	34.4	61.9	44.1	41.85	48.95	5.688	253
2023-02-26T00:00:00.000Z	25	58.2	36.75	29.7	41.4	7.428	662
2023-02-27T00:00:00.000Z	11.6	59.6	37.2	20.39	43.2	12.337	660
2023-02-28T00:00:00.000Z	10.4	74.7	31.05	20.9	40.2	13.12	662
2023-03-01T00:00:00.000Z	17.4	80.6	30.3	25.5	40.85	10.84	637
2023-03-02T00:00:00.000Z	18	66.5	39.04	32.75	44	8.315	628
2023-03-03T00:00:00.000Z	25.6	132.6	47.3	36.1	61.3	23.413	595
2023-03-04T00:00:00.000Z	33.3	84.9	45.4	38.5	52.4	9.951	601
2023-03-05T00:00:00.000Z	35.4	65.5	48.2	42.4	51.15	5.617	629
2023-03-06T00:00:00.000Z	31.1	129.2	46.2	37	54.2	14.629	630
2023-03-07T00:00:00.000Z	21	135.8	40.29	29.1	70.8	27.223	654
2023-03-08T00:00:00.000Z	15.2	133.4	27.45	20.65	51.6	17.213	664
2023-03-09T00:00:00.000Z	15.6	53.6	32.25	26	45.7	10.614	638
2023-03-10T00:00:00.000Z	25.3	121.1	40.15	31.05	60.6	19.112	628
2023-03-11T00:00:00.000Z	31.5	86.9	38.7	34.5	44.5	14.73	629
2023-03-12T00:00:00.000Z	21.4	65	42.1	28.1	49.5	12.441	651
2023-03-13T00:00:00.000Z	26.8	54	41.95	33.29	45.5	6.529	642
2023-03-14T00:00:00.000Z	21.2	59.8	34.4	26.3	46.4	9.755	654
2023-03-15T00:00:00.000Z	7.7	41.8	21.35	16.75	35.29	9.538	636
2023-03-16T00:00:00.000Z	10.5	45	20.7	15.2	28.65	8.85	601
2023-03-17T00:00:00.000Z	10.7	50.3	18.2	14.6	37.2	12.288	640
2023-03-18T00:00:00.000Z	11	35.3	17.89	15.2	21.4	5.453	643
2023-03-19T00:00:00.000Z	10.2	38.4	19.8	17.2	24.5	5.446	573
2023-03-20T00:00:00.000Z	8.4	42.7	18.1	14.8	22.3	5.415	639
2023-03-21T00:00:00.000Z	8.8	68.2	26.5	24.15	29.2	6.355	669
2023-03-22T00:00:00.000Z	11.1	44	27.8	24.8	29.6	5.127	671
2023-03-23T00:00:00.000Z	8.8	35.9	15.5	12.7	20.14	5.948	668
2023-03-24T00:00:00.000Z	6.7	122.9	11.6	9.3	27.45	15.847	573
2023-03-25T00:00:00.000Z	8.7	87	18	15	25.4	10.641	678
2023-03-26T00:00:00.000Z	6.3	121.7	16.85	10	35.9	21.246	658
2023-03-27T00:00:00.000Z	9.7	36.8	15.6	14	17.45	3.865	629
2023-03-28T00:00:00.000Z	19.9	45.8	24.9	22.9	27.6	3.976	653
2023-03-29T00:00:00.000Z	12.5	97.6	25.4	19.85	31	7.769	637
2023-03-30T00:00:00.000Z	14.2	39.2	20	17.8	25.65	4.983	645
2023-03-31T00:00:00.000Z	19.8	45.2	25.1	23	28.25	3.812	609
2023-04-01T00:00:00.000Z	26.8	45.5	32.9	30.9	36.1	3.488	675
2023-04-02T00:00:00.000Z	10.4	47.4	22.2	19.85	25.55	7.473	681
2023-04-03T00:00:00.000Z	9.3	57.3	30.2	18.3	35.6	12.144	635
2023-04-04T00:00:00.000Z	6.3	90.3	14.3	10.6	33.25	18.559	649
2023-04-05T00:00:00.000Z	1.1	86.9	6.6	4.6	13.95	9.835	653
2023-04-06T00:00:00.000Z	3.8	112	8.9	6.7	18.8	10.356	647
2023-04-07T00:00:00.000Z	4	44.4	9.3	7.1	12.5	4.415	631
2023-04-08T00:00:00.000Z	8.8	36.1	24.4	19.3	26.6	5.924	674
2023-04-09T00:00:00.000Z	31.4	72.9	40.35	37.4	47.6	9.924	666
2023-04-10T00:00:00.000Z	34.1	89.5	42.9	38.1	45.8	8.843	651
2023-04-11T00:00:00.000Z	32.5	57	37.65	35.1	39.4	3.077	652
2023-04-12T00:00:00.000Z	34.9	68.7	40.9	38	45.5	4.847	655
2023-04-13T00:00:00.000Z	36.6	112.9	44.4	40.3	48.8	6.774	630
2023-04-14T00:00:00.000Z	38.5	89.2	44.5	42.1	48.8	5.734	633
2023-04-15T00:00:00.000Z	5.6	81.2	48.4	38.7	57.8	14.332	663
2023-04-16T00:00:00.000Z	30.9	67.4	44.2	42.3	46.6	5.933	643
2023-04-17T00:00:00.000Z	35.5	55.2	39.9	38	41.5	2.577	633
2023-04-18T00:00:00.000Z	32.1	44.8	36.5	35.1	37.95	2.332	621
2023-04-19T00:00:00.000Z	36.1	148.8	44.3	42.3	45.8	8.151	633
2023-04-20T00:00:00.000Z	35.2	101.2	45.5	44.6	47	7.539	635
2023-04-21T00:00:00.000Z	37	109.4	42.8	40.4	44.9	5.789	607
2023-04-22T00:00:00.000Z	30.7	50	36.75	33.6	41.65	3.973	652
2023-04-23T00:00:00.000Z	13.5	41	26.6	24	30.2	5.551	663
2023-04-24T00:00:00.000Z	11.7	45	22.6	17.2	29.9	7.805	671
2023-04-25T00:00:00.000Z	19.3	53	33.1	29.2	34.8	5.235	643
2023-04-26T00:00:00.000Z	24.7	57.9	31.5	29.3	40.7	7.412	658
2023-04-27T00:00:00.000Z	22	57.5	31.1	29.6	40.8	7.288	657
2023-04-28T00:00:00.000Z	21.9	44.4	29.7	27.5	33.2	3.853	660
2023-04-29T00:00:00.000Z	22.8	41.2	31.6	28.7	32.9	3.236	638
2023-04-30T00:00:00.000Z	18.4	38.9	30.4	23.5	34.2	5.939	627
2023-05-01T00:00:00.000Z	17.2	98.8	25.9	23.2	27.8	5.776	661
2023-05-02T00:00:00.000Z	12.6	34.4	20.2	18.7	26.3	4.784	668
2023-05-03T00:00:00.000Z	11.7	29.3	18.89	16.9	21.8	3.713	653
2023-05-04T00:00:00.000Z	8.7	64.2	23.05	19	26.8	6.92	654
2023-05-05T00:00:00.000Z	21	72.5	38	34.1	42.2	6.232	654
2023-05-06T00:00:00.000Z	22.6	63.3	30.7	27.7	34	5.277	668
2023-05-07T00:00:00.000Z	24.7	41.6	29.8	28.4	31.9	2.53	668
2023-05-15T00:00:00.000Z	4.5	50	20.2	16.8	23.65	6.976	669
2023-05-16T00:00:00.000Z	4.6	77.3	32.2	29.1	36.4	7.748	637
2023-05-17T00:00:00.000Z	30.7	99.5	37.79	34.29	39.79	6.648	635
2023-05-18T00:00:00.000Z	13.2	94.9	31.25	24.1	35.4	9.645	650
2023-05-19T00:00:00.000Z	27.5	69.3	36.4	33.2	38.4	4.542	638
2023-05-20T00:00:00.000Z	11.7	66.3	37	29.05	40.29	7.64	652
2023-05-21T00:00:00.000Z	6.2	65.1	28.7	23.85	31.35	8.188	665
2023-05-22T00:00:00.000Z	7.2	80.4	31.1	23.7	35	9.463	660
2023-05-23T00:00:00.000Z	13.5	56.8	28.5	24.1	31.6	6.225	665
2023-05-24T00:00:00.000Z	15.9	57.1	28.3	23.45	33.1	6.803	637
2023-05-25T00:00:00.000Z	20.2	48.9	28.3	25.1	31.8	4.968	661
2023-05-26T00:00:00.000Z	6.3	69.8	34.5	27.2	42	10.251	652
2023-05-27T00:00:00.000Z	9.5	68.8	40.4	25	45.2	12.448	659
2023-05-28T00:00:00.000Z	10.7	75.6	29.1	25.2	37.1	12.339	667
2023-05-29T00:00:00.000Z	15.3	70.4	26.9	23.3	29.8	5.708	664
2023-05-30T00:00:00.000Z	12.6	81	19.39	16.2	27.4	10.12	654
2023-05-31T00:00:00.000Z	8.5	71	21.25	17.2	23.5	5.798	648
2023-06-01T00:00:00.000Z	7.4	36.8	14.7	12.3	22.5	6.963	634
2023-06-02T00:00:00.000Z	13.4	59.2	27.1	20.6	36.3	10.262	663
2023-06-03T00:00:00.000Z	8	44.8	17.14	13.8	24.4	8.711	642
2023-06-04T00:00:00.000Z	3.2	45	14.6	9.9	21.7	9.039	674
2023-06-05T00:00:00.000Z	3.2	84.9	27.7	19.75	37.45	13.915	681
2023-06-06T00:00:00.000Z	5.4	48.6	21.6	16.8	25.3	8.493	657
2023-06-07T00:00:00.000Z	12.1	46.7	19.89	17	26.9	6.491	638
2023-06-08T00:00:00.000Z	4.3	43	19.95	11.1	26.4	9.351	642
2023-06-09T00:00:00.000Z	9.4	62.9	20.6	15.85	27.4	8.702	596
2023-06-10T00:00:00.000Z	5.8	49.8	15.6	12.4	20.39	6.494	637
2023-06-11T00:00:00.000Z	2.7	32.4	12.2	6.1	16.89	6.614	652
2023-06-12T00:00:00.000Z	7.2	44.7	17.5	14.7	23.6	7.306	658
2023-06-13T00:00:00.000Z	9.4	51.2	26.5	23	30.7	6.381	654
2023-06-14T00:00:00.000Z	17.7	77	31.7	24.8	39.1	10.816	654
2023-06-15T00:00:00.000Z	6.8	44.1	25.4	13.3	31.25	10.163	648
2023-06-16T00:00:00.000Z	6.5	47.9	24.3	19.8	30.2	8.68	632
2023-06-17T00:00:00.000Z	10.6	71	27.55	22.6	33.2	8.281	678
2023-06-18T00:00:00.000Z	8.8	101.7	18.5	15.45	24.5	11.21	653
2023-06-19T00:00:00.000Z	10.6	71.4	24.3	19.8	32	9.967	635
2023-06-20T00:00:00.000Z	7.7	54.5	22.95	15.7	32.29	11.637	658
2023-06-21T00:00:00.000Z	11.7	49.1	24.45	20.3	28.9	6.632	658
2023-06-22T00:00:00.000Z	0.4	59.5	25.3	14.75	32.15	12.546	629
2023-06-23T00:00:00.000Z	9.4	63.4	26.9	22.55	32.25	9.673	637
2023-06-24T00:00:00.000Z	11.7	60.7	26.6	20.1	37.25	11.743	661
2023-06-25T00:00:00.000Z	5.9	51.9	19.2	14.3	25.8	9.345	646
2023-06-26T00:00:00.000Z	8.7	52.3	27.7	19.5	32.9	8.764	646
2023-06-27T00:00:00.000Z	8.3	92.6	29.5	19	39.4	12.155	658
2023-06-28T00:00:00.000Z	9.8	61.2	18.6	15.85	23.55	7.53	648
2023-06-29T00:00:00.000Z	0.6	45.4	23.25	12.4	31.7	10.689	622
2023-06-30T00:00:00.000Z	5.7	54.4	30.8	19.7	42.75	12.614	653
2023-07-01T00:00:00.000Z	1.2	36.2	14.6	5.3	24.4	10.128	670
2023-07-02T00:00:00.000Z	1.2	46.7	19.2	13.65	30.3	11.222	633
2023-07-03T00:00:00.000Z	5.8	47.9	16.39	12.2	24.5	8.401	647
2023-07-04T00:00:00.000Z	10.3	86.4	29.2	23.35	35.04	9.748	628
2023-07-05T00:00:00.000Z	11	145.7	32.6	24.4	42.15	27.41	641
2023-07-06T00:00:00.000Z	29.9	136.3	50.1	44.35	55.5	19.507	653
2023-07-07T00:00:00.000Z	3.8	66.5	11.25	7.7	23	14.739	654
2023-07-08T00:00:00.000Z	1.6	51.6	12.7	8.69	19.1	8.77	663
2023-07-09T00:00:00.000Z	8.1	111.8	22.7	14.8	50.9	22.75	659
2023-07-10T00:00:00.000Z	14.8	99.4	26.3	20.7	32	13.333	622
2023-07-11T00:00:00.000Z	6.8	57	20.6	13.9	30.6	9.788	666
2023-07-12T00:00:00.000Z	11.2	118.7	37.6	27.9	41.4	16.215	647
2023-07-13T00:00:00.000Z	0.5	62.4	22.7	14.4	32	12.374	663
2023-07-14T00:00:00.000Z	7.5	66.4	22.8	14.9	48.3	17.314	615
2023-07-15T00:00:00.000Z	6.9	53.7	20.3	15.75	26.35	11.156	637
2023-07-16T00:00:00.000Z	2.7	26.2	10.5	9.3	12.3	3.34	630
2023-07-17T00:00:00.000Z	1.9	28.2	7.9	6	10.5	4.422	633
2023-07-18T00:00:00.000Z	2.1	31.6	8.2	5.3	10.6	4.483	641
2023-07-19T00:00:00.000Z	6.2	48.4	11.5	9.5	16.2	9.066	666
2023-07-20T00:00:00.000Z	5.4	45.9	21	15.3	29.2	9.267	665
2023-07-21T00:00:00.000Z	6.4	68.3	29	13.85	35.7	12.263	641
2023-07-22T00:00:00.000Z	2.6	52.7	14.8	8.35	23.2	11.03	616
2023-07-23T00:00:00.000Z	4.8	63.7	12.4	10	14.5	6.382	629
2023-07-24T00:00:00.000Z	3.7	35.4	15.05	11.1	19.6	5.679	642
2023-07-25T00:00:00.000Z	4.2	81.2	12.3	9.8	16.7	11.409	659
2023-07-26T00:00:00.000Z	6.2	39	17.7	11.6	27.25	9.187	617
2023-07-27T00:00:00.000Z	5.1	44.7	13.35	10.1	19.14	7.162	632
2023-07-28T00:00:00.000Z	3.3	43.7	11.35	8.6	21.2	10.931	638
2023-07-29T00:00:00.000Z	7.3	71.1	12.6	10.9	14.75	6.106	665
2023-07-30T00:00:00.000Z	8.5	45.9	25.3	18.14	28.5	6.626	645
2023-07-31T00:00:00.000Z	8.5	67.1	16.2	13.4	29.3	12.851	643
2023-08-01T00:00:00.000Z	11.5	88.8	21.7	15.6	30.1	10.496	619
2023-08-02T00:00:00.000Z	9.8	64.2	18.7	15	30.4	9.689	641
2023-08-03T00:00:00.000Z	7.8	43.5	18.95	13.8	24.4	6.538	624
2023-08-04T00:00:00.000Z	13.5	48.1	25.1	22.5	27.4	5.613	655
2023-08-05T00:00:00.000Z	13.3	42.8	22.3	18.7	28.4	5.959	658
2023-08-06T00:00:00.000Z	12.3	47.8	17.89	16.4	20.8	4.428	659
2023-08-07T00:00:00.000Z	9	37.8	18.7	15.05	25.45	6.977	632
2023-08-08T00:00:00.000Z	6.5	32.3	15.4	11.2	21.2	5.952	669
2023-08-09T00:00:00.000Z	4.6	48.2	12.5	7.25	21.3	9.741	653
2023-08-10T00:00:00.000Z	5	44.6	13.9	10	27.9	11.02	652
2023-08-11T00:00:00.000Z	3.2	40.5	12	6.6	19.1	9.045	629
2023-08-12T00:00:00.000Z	5.4	31.9	10.7	8.9	13.1	4.695	653
2023-08-13T00:00:00.000Z	4.7	27.7	13.5	9.8	16.2	4.202	626
2023-08-14T00:00:00.000Z	6.8	35.7	13.6	10	18.7	6.161	637
2023-08-15T00:00:00.000Z	3.7	25.4	9.4	7.6	12.5	3.74	623
2023-08-16T00:00:00.000Z	7.2	82.5	13.8	12.2	15.8	8.428	677
2023-08-17T00:00:00.000Z	10	69.6	30.3	18.39	36.9	11.705	652
2023-08-18T00:00:00.000Z	11.3	45	26.1	21.65	30.9	6.368	665
2023-08-19T00:00:00.000Z	8.5	48.6	22.3	17.6	27.75	8.531	613
2023-08-20T00:00:00.000Z	4.9	52.4	12	8.19	15.8	5.911	637
2023-08-21T00:00:00.000Z	9.4	40	19.89	16.5	25.5	5.663	595
2023-08-22T00:00:00.000Z	8.9	46.1	24.5	19	30.3	7.37	656
2023-08-23T00:00:00.000Z	7.8	40.9	17.14	13.6	24.1	7.697	620
2023-08-24T00:00:00.000Z	11.4	38.1	21.1	17.5	28.5	6.046	632
2023-08-25T00:00:00.000Z	6.7	49.2	15.8	10.8	26.25	10.086	628
2023-08-26T00:00:00.000Z	6.6	45	17.6	14.1	23.2	7.532	632
2023-08-27T00:00:00.000Z	3.3	32.3	11.1	7.3	21.05	7.713	633
2023-08-28T00:00:00.000Z	7.9	43.3	14.3	11.3	19.6	6.069	651
2023-08-29T00:00:00.000Z	3.8	89.5	23.8	14.6	32.4	11.766	674
2023-08-30T00:00:00.000Z	8.4	67.2	29.3	22.2	32.9	8.806	670
2023-08-31T00:00:00.000Z	5.4	68.5	17.1	12.8	22.05	10.417	604
2023-09-01T00:00:00.000Z	2.4	46.8	11.5	7.1	20.2	10.646	607
2023-09-02T00:00:00.000Z	3.3	55.2	7.8	5.4	15.65	7.699	656
2023-09-03T00:00:00.000Z	4.1	49.5	10	6.3	22.9	12.718	635
2023-09-04T00:00:00.000Z	2.2	47.6	7.7	6.35	11.8	10.216	592
2023-09-05T00:00:00.000Z	2.8	56.9	13.5	7.3	24.55	12.685	632
2023-09-06T00:00:00.000Z	8.3	63.9	27.4	18.39	33.4	11.219	603
2023-09-07T00:00:00.000Z	11.4	76.8	27.2	17.8	36.9	15.092	603
2023-09-08T00:00:00.000Z	6	67.2	29.15	24.1	35.2	9.852	658
2023-09-09T00:00:00.000Z	3.4	73.2	13.7	10.9	21.6	8.361	655
2023-09-10T00:00:00.000Z	2.4	126.8	9.9	7.6	14.7	14.92	650
2023-09-18T00:00:00.000Z	6.7	70	32.1	17.64	40.04	12.542	632
2023-09-19T00:00:00.000Z	2.5	140.6	30.4	22.4	42.9	15.145	650
2023-09-20T00:00:00.000Z	4.4	80	25.3	18.5	37.7	13.811	559
2023-09-21T00:00:00.000Z	9.1	98.7	35.6	31.8	46	16.98	639
2023-09-22T00:00:00.000Z	10.5	89.1	44.2	27.35	54.8	16.654	641
2023-09-23T00:00:00.000Z	8.4	70.9	28.8	22.3	38.7	12.113	637
2023-09-24T00:00:00.000Z	1.6	48.3	18.4	9.25	25.1	8.593	660
2023-09-25T00:00:00.000Z	2.3	24.5	9.1	6.1	11.95	4.557	628
2023-09-26T00:00:00.000Z	1.6	29.3	8.94	6.4	11.4	4.199	634
2023-09-27T00:00:00.000Z	3.4	63.3	27	11.6	31.85	11.817	661
2023-09-28T00:00:00.000Z	7.7	116.7	35.2	20.35	42.8	19.133	641
2023-09-29T00:00:00.000Z	3.8	145	18.2	13.6	34.6	21.611	647
2023-09-30T00:00:00.000Z	8.4	101.9	31.6	19.7	53.2	25.407	588
2023-10-01T00:00:00.000Z	1.1	44.2	29.2	24.2	33.29	8.533	634
2023-10-02T00:00:00.000Z	4.2	89.5	32	18.8	42.2	16.89	675
2023-10-03T00:00:00.000Z	2.2	55.4	13.2	10.4	16.9	9.14	664
2023-10-04T00:00:00.000Z	2.9	48.5	10.19	8.19	18.1	10.035	644
2023-10-05T00:00:00.000Z	6.8	39.1	18.14	14.55	22.5	6.585	660
2023-10-06T00:00:00.000Z	10.1	83.3	29.1	17.8	37	11.104	643
2023-10-07T00:00:00.000Z	8.9	51	22.9	16.6	31.4	9.375	658
2023-10-08T00:00:00.000Z	6.2	63.2	16.1	10.4	29.2	11.457	625
2023-10-09T00:00:00.000Z	7	77.8	25.1	16.5	40.1	13.938	655
2023-10-10T00:00:00.000Z	9.7	156.7	32.35	23.2	39	23.715	638
2023-10-11T00:00:00.000Z	9	161.2	19.89	12.9	30.2	28.832	655
2023-10-12T00:00:00.000Z	5.4	148.6	38.2	31.1	47.9	27.864	646
2023-10-13T00:00:00.000Z	27.3	172.1	51.55	39.45	62.85	28.32	632
2023-10-14T00:00:00.000Z	12.4	88.8	33.7	23.45	55.2	20.053	653
2023-10-15T00:00:00.000Z	9.5	80.7	25.8	18.95	33.6	10.29	629
2023-10-16T00:00:00.000Z	6.7	54	28.35	22.35	33.9	8.91	680
2023-10-17T00:00:00.000Z	7.9	56.1	24.6	15.75	34.5	10.909	665
2023-10-18T00:00:00.000Z	13.5	66.4	35.4	28.65	38.6	9.961	632
2023-10-19T00:00:00.000Z	2.6	58.6	32.1	27.2	41.75	11.477	641
2023-10-20T00:00:00.000Z	10.1	114.7	34.79	28.8	45.3	14.089	650
2023-10-21T00:00:00.000Z	16	211.9	48.9	31.4	69	27.055	650
2023-10-22T00:00:00.000Z	13.6	99.5	44.4	39.5	51.2	13.912	658
2023-10-23T00:00:00.000Z	6.5	71.7	45.1	30	49.8	13.265	631
2023-10-24T00:00:00.000Z	14.5	61.7	33.6	29.7	40.29	9.252	627
2023-10-25T00:00:00.000Z	5.7	170.3	35.2	16.39	48.7	24.749	615
2023-10-26T00:00:00.000Z	6.2	70.5	26.5	16.5	31.2	10.173	666
2023-10-27T00:00:00.000Z	8.7	117.5	49.9	37.54	58.45	21.34	669
2023-10-28T00:00:00.000Z	23.5	92.5	43.4	32.29	52.9	15.656	625
2023-10-29T00:00:00.000Z	14.3	64	36	31.7	40.4	7.648	645
2023-10-30T00:00:00.000Z	16.1	57.4	34.4	26.4	42.25	9.823	629
2023-10-31T00:00:00.000Z	4.8	72.4	28.9	21.6	43.15	14.165	653
2023-11-01T00:00:00.000Z	11.6	80.1	32.04	20.5	38.29	11.872	664
2023-11-02T00:00:00.000Z	17.5	93.1	40.29	29.6	45.1	18.917	639
2023-11-03T00:00:00.000Z	11.9	109.1	42.4	26.4	62.45	22.451	661
2023-11-04T00:00:00.000Z	5.8	51.1	20.35	12.7	34	11.684	656
2023-11-05T00:00:00.000Z	6.7	45.2	18.5	13.4	30.2	9.647	666
2023-11-06T00:00:00.000Z	9.7	68.4	24.8	19	35.1	13.747	628
2023-11-07T00:00:00.000Z	24.7	149.2	42.6	35.55	80.45	27.108	628
